pasil best
cv = 0.40444468460518535 
tw = [3.896607534978089, 3.925453132869521, 2.9544431976582515, 3.379683581674084, 3.7508838641213105, 3.448540395994131, 3.656843486676718, 3.417464675506441, 2.311811775656606, 0.45213989953888634]